5.364015455832281676e-01,3.825701059719194361e-05,2.307280309116646055e-01,3.446956654806993675e-02,4.097325834959256868e-02,3.825701059719194361e-05,3.140900570029458300e-02,1.159569991200887773e-01,9.985079765867096308e-03
2.271808553642169770e-02,8.084727948904519570e-05,8.011965397364377572e-02,1.382488479262672897e-02,8.084727948904519570e-05,8.893200743794971120e-04,5.069932896758023722e-01,3.048750909531894315e-01,7.041798043495835213e-02
6.234802668495544032e-05,6.234802668495544032e-05,5.243469044204751572e-02,8.149510567990524423e-01,5.673670428330944079e-03,5.617557204314484187e-02,2.126067709956980592e-02,4.931728910779974856e-02,6.234802668495544032e-05
2.969998492386552447e-02,1.568420523644404596e-01,1.412131262877531698e-02,2.919744710789487149e-02,5.025378159706518757e-05,5.025378159706518757e-05,6.035479169807528299e-02,6.950600532690085487e-01,1.462385044474596822e-02
6.177033788374822903e-05,2.044598183952066328e-02,1.735746494533325218e-02,1.612205818765828635e-02,6.177033788374822903e-05,6.177033788374822903e-05,9.395268392118104328e-02,1.612823522144666288e-01,6.906541478781887955e-01
5.817674093897259787e-05,5.341206585607074508e-01,1.553900750479958182e-01,8.383268369305950374e-02,9.948222700564314513e-03,1.343882715690267009e-02,5.817674093897259787e-05,2.030950026179533519e-01,5.817674093897259787e-05
2.617925462394549846e-02,6.234306309160758675e-01,3.410036041031327958e-02,7.449799992078894040e-02,9.148877183254782580e-03,3.647669214622360767e-02,3.885302388213394270e-02,1.572735553883322090e-01,3.960552893183888419e-05
2.754169595501310477e-02,5.438047159562911514e-02,2.945875135791424862e-02,1.220525273180395054e-02,7.029203143970861635e-04,6.390184676337146694e-05,5.885360086906511745e-02,1.201993737619017205e-01,6.965940315675123173e-01
2.699221265882078072e-02,5.855143743778911200e-05,2.816324140757656136e-02,8.139235318227063809e-01,5.855143743778911200e-05,2.406464078693132391e-02,1.293986767375139395e-02,9.374085133790036051e-02,5.855143743778911200e-05
2.033455070111366697e-02,4.508769556787952938e-05,2.213805852382884701e-02,4.982641237206365536e-01,4.508769556787952938e-05,3.188150953604761417e-01,9.964380720501375688e-03,1.285450200640245455e-01,1.848595518283060318e-03
1.314139266045040791e-02,3.004525873820819426e-02,5.998146027591472283e-04,2.622825672064998254e-02,5.452860025083156682e-05,6.052674627842303395e-03,2.148972135885272028e-01,6.909318937782866765e-01,1.804896668302525056e-02
1.975382511325754209e-01,7.017693819984613390e-02,5.735532951534318136e-02,2.316437302333532872e-02,4.078126335584237872e-01,1.522352337806650024e-01,8.547739123001966196e-05,9.154628600735104094e-02,8.547739123001966196e-05
2.647039834721414721e-03,6.573051843243592485e-01,2.588934082251920579e-02,1.749628768803667203e-02,6.456194718832719592e-05,6.456194718832719592e-05,9.819872167344566305e-02,1.937504035121699331e-01,4.583898250371231005e-03
5.004041443162612207e-02,1.573223602028069601e-01,5.951943566757292477e-03,5.738849290910426337e-02,4.195752810640017427e-02,4.482327871261664737e-03,1.602615915937982138e-01,5.129693585127489408e-01,9.625982805496362260e-03
1.556505730744106031e-01,1.900944236593621883e-01,8.201199596175544337e-02,1.859374072094542585e-01,2.197873983015618538e-01,1.193657580616426170e-02,9.561137834788289644e-03,1.443672427103747102e-01,6.532454421283924884e-04
9.155498143064749739e-02,1.512998546746326667e-01,4.397976209699122618e-01,1.249259917110716323e-01,5.382421012971634616e-05,5.382421012971634616e-05,4.688088702298293109e-02,1.399967705473922353e-01,5.436245223101350901e-03
5.250021516481624510e-03,8.606592649969876246e-05,4.389362251484636886e-03,1.041397710646354939e-02,8.606592649969876246e-05,9.467251914966864955e-04,8.607453309234873728e-01,1.179963852310869921e-01,8.606592649969876246e-05
1.050086072628903938e-01,2.869907369456513035e-01,6.648085908681038159e-02,4.271661611607508457e-01,8.197393228953193348e-05,8.197393228953193348e-05,8.197393228953193348e-05,1.140257398147389023e-01,8.197393228953193348e-05
4.492761661767152859e-03,1.886405236008652786e-01,1.170336679793665749e-02,1.558600033279716052e-02,5.546619335515003395e-05,5.546619335515003395e-05,9.490265683066170799e-02,5.647013145487824737e-01,1.198624438404792131e-01
4.527922186818715208e-03,7.322935882385824165e-03,5.148415227234613700e-02,2.968304544692269148e-02,5.590027391134217235e-05,5.590027391134217235e-05,7.943428922801722136e-02,1.599306836603499593e-01,6.675051707753367758e-01
1.823223875341138944e-01,8.803591865481116396e-05,3.390263227396777546e-01,3.266132582093494302e-02,8.891627784135927234e-03,1.893652610264987823e-01,8.803591865481116396e-05,2.386653754731930532e-01,8.891627784135927234e-03
2.596043649409537565e-02,4.982809307887788226e-05,1.046389954656435500e-03,5.386416861826698321e-02,9.018884847276897529e-03,8.182271164482536330e-01,2.042951816233993037e-03,8.974039563505906147e-02,4.982809307887788226e-05
1.412131262877531872e-02,1.060354791698075484e-02,2.115684205236444473e-02,7.241569928137094048e-02,5.025378159706519435e-05,7.769737172722248619e-01,2.060405045479672508e-03,1.025679682396100495e-01,5.025378159706519435e-05
8.612121522618987335e-02,1.747015728264767961e-02,1.747015728264767961e-02,5.123213279368820934e-05,5.123213279368820934e-05,5.123213279368820934e-05,2.310569188995337947e-02,1.855115528459450047e-01,6.701675290742353797e-01
1.087175068217722113e-01,6.749964095935659381e-03,4.390348987505385270e-01,3.212216956292784920e-02,1.871798554263009312e-02,6.271243238067882378e-03,1.823926468476231438e-02,3.677054909282397310e-01,2.441476375125663754e-03
1.941766673224473716e-01,2.957570988261525383e-02,5.646271886681093061e-02,1.252541150239359913e-02,5.515115745294772720e-02,5.522329333071021029e-01,6.557807069316020287e-05,9.843268411043346044e-02,1.377139484556364315e-03
3.243726776457635519e-01,4.587366392953805565e-05,4.551126198449469973e-01,2.206523235010780445e-02,1.064727739804578188e-01,1.518418276067709516e-02,5.091976696178723838e-03,7.160878939400888710e-02,4.587366392953805565e-05
3.794925217650122092e-03,1.332688444080660506e-01,2.909442666865093979e-02,1.176426817471537961e-01,7.441029838529652010e-05,4.539028201503087293e-03,1.793288191085646091e-02,6.697670957660539770e-01,2.388570578168018252e-02
7.245661649806726945e-02,1.069989308331277117e-01,8.232584916522739382e-02,9.383995394358086994e-02,1.793733037256353136e-01,3.800477012912246155e-01,8.224360555966773653e-05,8.479315733201742145e-02,8.224360555966773653e-05
1.177104861173510451e-02,8.985533291400843968e-05,1.806092191571569833e-02,2.346122742384760540e-01,7.107556833498067383e-02,5.634827927037469042e-01,8.985533291400843968e-05,1.007278281966034611e-01,8.985533291400843968e-05
2.480788075713033849e-02,1.253803703130641212e-01,1.191397183970292761e-02,5.157563566970963930e-05,5.157563566970963930e-05,5.157563566970963930e-05,6.725978647686833289e-01,1.573572644282841271e-01,7.787920986126154951e-03
6.715916722632639651e-04,9.774711520849867219e-02,1.227181146590145856e-02,3.364063740155076587e-02,6.105378838756944768e-05,6.105378838756944768e-05,5.159655656633493903e-01,3.395201172232736875e-01,6.105378838756944768e-05
7.606830623416944992e-02,1.887409102050821227e-02,3.930059645395865553e-02,8.170602173380177682e-05,8.170602173380177682e-05,8.170602173380177682e-05,7.034888471280333067e-02,1.062995342756761080e-01,6.888634692376828239e-01
2.299697192896308848e-02,2.954415254930845350e-02,1.317620099844504442e-02,7.210082658155331226e-02,1.718634912840658014e-03,1.031999345281937874e-01,3.445453801456747206e-02,7.227269007283737556e-01,8.183975775431704379e-05
1.681091123295119782e-02,3.217182473152385615e-03,1.862340840092437458e-02,2.632652136481036798e-02,4.531242919932937954e-05,4.984367211926231953e-04,4.535774162852870134e-02,1.400607186551270922e-01,7.490597670941138153e-01
6.146659290675518387e-05,5.581781301862437372e-01,1.973077632306841078e-02,3.632675640789231192e-02,1.905464380109410470e-03,3.079476304628434372e-02,6.146659290675518387e-05,3.528797098776814689e-01,6.146659290675518387e-05
1.027970782112952036e-01,1.609359225607221236e-02,4.810855751529188318e-01,1.307084743749628852e-01,5.938594928439931220e-05,1.668745174891620581e-02,1.965674921313617304e-02,2.328523071441296888e-01,5.938594928439931220e-05
1.533898697808054427e-02,1.348533296260253332e-02,4.175355669864220381e-02,3.619259465220817096e-02,4.634135038695028465e-05,4.634135038695028465e-05,5.783863941795264196e-01,3.017285323694333110e-01,1.302191945873303058e-02
6.163562235190662986e-02,7.994244144216166204e-05,8.793668558637782011e-04,2.246382604524742657e-02,1.606843072987449231e-02,8.226876648812855297e-01,7.994244144216166204e-05,7.602526181149572848e-02,7.994244144216166204e-05
4.711040626894910655e-03,1.450627361350809337e-02,1.124119595130369971e-02,2.103642893791687896e-02,4.664396660291991156e-05,4.664396660291991156e-05,1.217407528336209716e-02,2.901721162367647544e-01,6.460655814170436217e-01
3.653832667087453245e-02,7.013114524160179596e-05,6.809734202959533134e-02,7.784557121817798145e-03,6.248685041026719178e-02,7.013114524160179596e-05,5.779507679360403882e-01,2.076583210603829277e-01,3.934357248053860223e-02
2.457621349309006831e-02,6.807815372047110669e-05,3.274559193954659775e-02,2.791204302539314602e-03,6.807815372047110669e-05,6.807815372047110669e-05,5.290353325617809244e-01,2.533188099938729620e-01,1.573286132480087030e-01
2.774972430204887264e-01,5.804167392187590749e-05,1.312322247373614026e-01,4.765221428986011337e-02,1.456846015439085262e-02,3.982239247779905678e-01,5.804167392187590749e-05,1.306518079981426605e-01,5.804167392187590749e-05
4.683195592286500814e-02,2.127618681529886702e-01,1.153821513229546930e-01,2.120571465180344506e-02,6.406560317765391907e-05,6.406560317765391907e-05,5.067589211352423878e-02,5.350118521365878621e-01,1.800243449292075054e-02
2.236753334371270260e-02,5.330323317245315717e-01,2.651927967201204300e-02,5.194872593284550338e-02,5.189682910374176990e-05,7.317452903627588885e-03,1.017696818724375951e-01,2.486377082360268220e-01,8.355389485702425720e-03
2.341802264725473259e-01,9.515653249595583949e-05,4.597012084879626981e-01,2.959368160624226834e-02,1.352174326767532353e-01,4.196403083071652967e-02,9.515653249595583949e-05,9.715481967837090449e-02,1.998287182415072697e-03
2.565499210196633614e-02,1.422190751130235908e-01,6.046080941227735192e-03,8.224848847976468438e-03,5.446919766871833793e-05,5.446919766871833793e-05,5.545509014652214574e-01,2.576937741707064911e-01,5.501388964540551881e-03
1.012387314352422296e-01,2.016992022828977341e-02,8.437641870419611279e-02,7.464816135936182262e-02,5.000972825734483207e-01,1.129126402490433778e-01,6.485504896556196696e-05,1.064271353524871844e-01,6.485504896556196696e-05
2.364454603900278604e-02,1.993713836702621645e-01,6.500464318879919066e-03,4.507464818915636606e-02,7.143367383384526730e-05,7.143367383384526730e-05,3.529537824130294932e-01,3.722408743481677162e-01,7.143367383384526730e-05
8.313242996092775846e-05,7.624075151716683818e-01,2.577105328788760214e-03,1.670961842214647997e-02,8.313242996092775846e-05,2.252888851941142051e-02,1.089034832488153595e-02,1.846371269432205420e-01,8.313242996092775846e-05
6.245217493672375331e-02,2.360350815233386301e-02,1.160162458061098217e-01,5.886161633998469606e-05,5.886161633998469606e-05,6.474777797398316567e-04,5.174524692448054797e-01,2.796515392312672876e-01,5.886161633998469606e-05
3.736445887146903205e-02,2.838593825540438112e-02,3.522342703225361110e-03,2.907659368740935640e-02,1.664479591131984640e-02,8.523378686373368485e-01,6.906554320049728172e-05,3.252987084743422241e-02,6.906554320049728172e-05
8.535047149978976233e-02,1.807916391374857212e-02,4.853744969667847520e-01,1.207880353174364679e-01,1.490179590365787732e-01,4.030272088413718035e-02,1.027088714036879062e-02,9.075620157366807994e-02,6.006366748753679110e-05
5.963384817222255673e-05,4.586439262925636751e-01,4.597769694078358144e-02,1.169419762657284145e-01,5.963384817222255673e-05,4.234003220227800478e-03,1.019738803745005688e-02,3.638261076987298059e-01,5.963384817222255673e-05
3.092783505154639290e-02,7.121953536985130562e-01,2.380160577699653654e-02,1.334980284099007361e-02,4.750819516366574564e-05,2.897999904983609813e-03,2.807734334172645382e-02,1.805786498170934840e-01,8.123901372986842145e-03
