2.452160408231183475e-01,9.878529036552222142e-02,6.156747462421654528e-03,5.546619335515004073e-05,5.935437350934604783e-01,5.546619335515004073e-05,1.336735259859116003e-02,5.546619335515004073e-05,4.276443507682067824e-02
2.674785746504285133e-01,1.598685482312004469e-01,6.443714156840002157e-05,6.443714156840002157e-05,3.034989367871641225e-02,3.286294219988400694e-03,7.152522714092402097e-03,5.310264836651845677e-01,7.088085572524002644e-04
1.382039434557848223e-01,4.620522439269866312e-03,7.805023102612197450e-01,3.572899034722540335e-02,9.195297131616269812e-03,1.102520700855483086e-02,1.742989157783979629e-02,3.248090031565945956e-03,4.574774692346403175e-05
2.048873145438677712e-01,3.496072693670106146e-02,6.725191231582730578e-03,5.133733764566970388e-05,2.777349966630730804e-02,5.133733764566970388e-05,7.008059962010370070e-01,5.698444478669336365e-03,1.904615226654345767e-02
3.438825299831273496e-01,4.560171462446988271e-05,9.165944639518445666e-03,4.560171462446988271e-05,4.560171462446988271e-05,9.576360071138674285e-04,2.325687445847963476e-03,4.560171462446988271e-05,6.434857950658944281e-01
2.096202205171190935e-01,2.005287252563027825e-02,6.487200980076084367e-01,3.165903668837449086e-02,6.447868979302340221e-05,7.292539815590946828e-02,7.092655877232574785e-04,1.618415113804887520e-02,6.447868979302340221e-05
3.272392012240574743e-01,5.704813841264859686e-01,3.534858174114324098e-02,4.315587116010829267e-04,3.613323394405430072e-02,1.023971124798933076e-02,5.531798030522971400e-03,1.416297226254462950e-02,4.315587116010829267e-04
3.247454086517538308e-01,8.703977717817041595e-05,7.494124815040471843e-02,5.423448515971799333e-01,9.574375489598746297e-04,2.532857515884759381e-02,3.142135956131952151e-02,8.703977717817041595e-05,8.703977717817041595e-05
4.190845126096924278e-01,7.905763301446754336e-05,1.826231322634200294e-02,3.241362953593169074e-03,4.064352913273776569e-01,5.613091944027195565e-03,1.202466598150051247e-01,8.696339631591430176e-04,2.616807652778875559e-02
3.180998895284610217e-01,5.814291528577243955e-05,1.517530088958660671e-02,6.064887493458922529e-01,6.453863596720740316e-03,1.866387580673295118e-02,3.494389208674923003e-02,5.814291528577243955e-05,5.814291528577243955e-05
2.021669963023475514e-01,8.599191675982457246e-05,9.545102760340526404e-03,8.599191675982457246e-05,2.846332444750193300e-02,8.599191675982457246e-05,7.525152635652248012e-01,8.599191675982457246e-05,6.965345257545789773e-03
3.035051774738357633e-01,5.537405171936430769e-05,3.106484301456337652e-02,3.377817154881222403e-03,3.106484301456337652e-02,1.716595603300293416e-03,2.824076637687579407e-03,8.915222326817653226e-03,6.174760507226313422e-01
4.148695705296597258e-01,2.449752581098417828e-02,4.759606573400940732e-01,6.109108681043435814e-05,6.109108681043435814e-05,5.626489095241003768e-02,6.109108681043435814e-05,2.816299101961023885e-02,6.109108681043435814e-05
4.289882558902910481e-01,9.636005543803340123e-02,7.294478080093368588e-05,1.174410970895032463e-02,4.603545116346925425e-01,7.294478080093368588e-05,7.294478080093368588e-05,2.261288204828944357e-03,7.294478080093368588e-05
1.856240640666710073e-01,3.392147926297284927e-02,1.315840875056969728e-01,5.586952275538772383e-01,6.510840549514942174e-05,8.079953121948042771e-02,9.180285174816067706e-03,6.510840549514942174e-05,6.510840549514942174e-05
3.267486585307944336e-01,4.748563559523244140e-05,2.032860059831900768e-01,2.806401063678237370e-02,4.217199297212593234e-01,4.748563559523244140e-05,1.096918182249869388e-02,7.645187330832423425e-03,1.472054703452205758e-03
2.023722479486554371e-01,1.706068730197416458e-03,1.957916971321797123e-02,2.851572020472824612e-02,4.955723454382970905e-03,8.936550491510276842e-04,5.451295799821267996e-02,1.706068730197416458e-03,6.857583881712567830e-01
2.525784195177466218e-01,6.337577352585531398e-02,1.500817981364250576e-02,7.112881428266591341e-05,1.117433672380681309e-01,7.112881428266591341e-05,5.562984565047300878e-01,7.112881428266591341e-05,7.824169571093250340e-04
2.352975944204740155e-01,2.376618003428098702e-01,4.516224363142029574e-01,4.557006915302322381e-02,5.910514805839588349e-05,2.370116437141674831e-02,3.014362550978189753e-03,5.910514805839588349e-05,3.014362550978189753e-03
2.458822950980874555e-01,4.916662569447859284e-05,2.315748070209941792e-02,4.916662569447859284e-05,5.408328826392645077e-04,7.301735581887015547e-01,4.916662569447859284e-05,4.916662569447859284e-05,4.916662569447859284e-05
4.869302508866413248e-01,4.378475414860546821e-05,2.456324707736766422e-02,6.173650334953369873e-03,3.108717544550987626e-03,4.720434344761154644e-01,3.546565086037042295e-03,3.546565086037042295e-03,4.378475414860546821e-05
1.218621016306922211e-01,1.292374314906286417e-02,4.540225996346167886e-02,2.848636578929562846e-02,6.766357669666421082e-05,7.910548751607011653e-01,6.766357669666421082e-05,6.766357669666421082e-05,6.766357669666421082e-05
3.074134763394409386e-01,2.587020209543671595e-02,1.147028154327424561e-02,1.246337951238889880e-02,6.192462386414420150e-01,2.035850836685039033e-03,4.965489845573266612e-05,7.497889666815631994e-03,1.395302646606087771e-02
2.882182767031595816e-01,3.460207612456747076e-03,2.649611435702535767e-01,6.529014691701173767e-02,1.196891485620284711e-02,3.500482160077145743e-01,1.758466163707527331e-03,1.423790345453514183e-02,5.672471495830733434e-05
2.440655469906580222e-01,5.104905814487723084e-05,5.007912604012455110e-02,9.239879524222779222e-03,7.708407779876460739e-03,5.104905814487723084e-05,1.791821940885190631e-02,5.104905814487723084e-05,6.708356730818315627e-01
2.433248826797562159e-01,4.752144128593775024e-02,1.353902583742381052e-02,2.211554021252494680e-03,4.536382760666702457e-02,5.394034198176816887e-05,6.446410270241113016e-01,5.394034198176816887e-05,3.290360860887857949e-03
2.871242507548785183e-01,2.749109919329397345e-03,1.176258506467168369e-02,5.903826220199197457e-03,9.058542521068998002e-03,4.506737572671143578e-05,3.199783676596511337e-03,9.058542521068998002e-03,6.710982919464598684e-01
2.048514436095961178e-01,3.814027994965483835e-05,7.208894313284259781e-01,2.864335024219077930e-02,1.720126625729433145e-02,5.759182272397880137e-03,4.233571074411686223e-03,5.759182272397880137e-03,1.262443266333575058e-02
2.328524648198955771e-01,1.247898044074696733e-02,1.107177626338613913e-01,3.283476413841932701e-02,8.850340738118416862e-05,6.001416054518098342e-01,8.850340738118416862e-05,1.070891229312328358e-02,8.850340738118416862e-05
2.527508354389110812e-01,6.284945798353573920e-01,7.751242970087210415e-02,3.757437443964463386e-02,1.711630939766892135e-03,8.150623522699486682e-05,8.150623522699486682e-05,1.711630939766892135e-03,8.150623522699486682e-05
2.280477680567085941e-01,3.327160099623219930e-02,6.073184749984034125e-02,6.386103838048407054e-05,1.986078293633054478e-02,7.024714221853247623e-04,6.386103838048407054e-05,6.386103838048407054e-05,6.571939459735613998e-01
3.657110621057489963e-01,1.851376993691984316e-02,2.723216575208985135e-02,5.128468126570593646e-05,4.210472331914456856e-02,1.235960818503513067e-02,1.697522949894866504e-02,5.108467100876967759e-01,6.205446433150417322e-03
1.987889109660327114e-01,1.144857602422177933e-02,3.728829595988267243e-01,2.375816065852965897e-01,5.771596177500235361e-03,7.663922793074083931e-03,9.461633077869240408e-05,1.647270318857034510e-01,1.040779638565616323e-03
2.358163325298371638e-01,7.113880886589453272e-03,5.532365218413781011e-02,1.710858957022752883e-02,2.998412605091422059e-03,5.879240402140044396e-05,6.667646540067023730e-01,1.475689340937151074e-02,5.879240402140044396e-05
3.446622061696962280e-01,5.850553614778849498e-01,6.572325182071170162e-03,6.513115045295754654e-04,1.723014980164604137e-02,5.980223814317010313e-03,5.921013677541594832e-05,3.973000177630409829e-02,5.921013677541594832e-05
1.950488727344172335e-01,7.908050493639177947e-03,2.755538091261849898e-02,2.013851367945380423e-03,5.943317451741245150e-03,7.613831720614961940e-01,4.911832604744831044e-05,4.911832604744831044e-05,4.911832604744831044e-05
3.646782877552108282e-01,3.326936403859480640e-01,1.610426995042379683e-01,2.190948344794498709e-02,6.450237219467988212e-03,8.049469587931125727e-03,7.681646143184603370e-02,2.084332853563622759e-02,7.516392131776746845e-03
3.208750558071305492e-01,1.397410549142164560e-01,6.958351935710184455e-02,6.377957777919510726e-05,3.833790420307417457e-01,5.803941577906753663e-03,3.833152624529625324e-02,4.215830091204795377e-02,6.377957777919510726e-05
2.562402815287666558e-01,1.023815369506506090e-01,4.338325558556346273e-01,6.309845322857843275e-02,4.992225223013339007e-03,1.342990424748342626e-01,8.183975775431704379e-05,8.183975775431704379e-05,4.992225223013339007e-03
6.903564399737589508e-01,8.827173992273487646e-02,2.485603906990305201e-02,3.797652890152343474e-02,1.254464611123259632e-01,2.988556017202419462e-03,2.995845178219986790e-02,7.289161017566878455e-05,7.289161017566878455e-05
3.360780928348495733e-01,6.640547181087721757e-05,1.600371870642140759e-02,1.394514908028421461e-03,5.585364234012882845e-01,6.640547181087721757e-05,6.640547181087721757e-05,1.394514908028421461e-03,8.639351882595125431e-02
2.975972607591947372e-01,1.954070488222445223e-02,1.033709191805891603e-01,4.138378888954483137e-02,1.599858315130763334e-02,1.776964401676604105e-02,6.552925202196115129e-03,4.977271385559950412e-01,5.903536218194698339e-05
6.014968273767558049e-01,5.423287596941266597e-05,6.562177992298932026e-03,1.849341070556971903e-02,3.368403926460220577e-01,5.423287596941266597e-05,2.066272574434622339e-02,1.307012310862845292e-02,2.765876674440045490e-03
2.960740613749357486e-01,6.589519401108634433e-01,3.320189725127150465e-02,6.343219612549288837e-03,1.771529801702954659e-03,5.714612263557918671e-05,5.714612263557918671e-05,3.485913480770330003e-03,5.714612263557918671e-05
8.186950560529074883e-01,1.049278167594160649e-01,8.065166545689168246e-05,8.065166545689168246e-05,6.702153399467697392e-02,8.952334865714976428e-03,8.065166545689168246e-05,8.065166545689168246e-05,8.065166545689168246e-05
2.909547430951068825e-01,6.743217588339763813e-01,1.843346193888174486e-02,6.124073733847756331e-05,6.185314471186233176e-03,8.634943964725335167e-03,1.286055484108028762e-03,6.124073733847756331e-05,6.124073733847756331e-05
3.572530237843980494e-01,8.929296209107882680e-04,2.516438022566766779e-03,3.596882863868820501e-01,2.492897150742754975e-01,8.198717428362690268e-03,2.199853884243850935e-02,8.117542008279893099e-05,8.117542008279893099e-05
1.821262510836157145e-01,7.880841673890771394e-05,4.263535345574907126e-02,1.268815509496414203e-02,7.880841673890771394e-05,7.613681141145873799e-01,7.880841673890771394e-05,8.668925841279848804e-04,7.880841673890771394e-05
2.354381982197263912e-01,3.948861939183941072e-02,6.058306947846346935e-01,3.709899038174323260e-02,5.974072525240456681e-05,3.470936137164704754e-02,6.631220503016906076e-03,3.650158312921918807e-02,4.241591492920723620e-03
2.017586712261846549e-01,1.332961127782818049e-02,7.334775629841579214e-02,7.048642612882963926e-03,5.974596971177332794e-01,6.978854072161351106e-05,3.915137134482517961e-02,4.682811082420265669e-02,2.100635075720566625e-02
4.239586696803357979e-01,4.612758891092762654e-05,1.757461137506342516e-02,3.736334701785137390e-03,4.096591171179482238e-01,4.612758891092762654e-05,1.227455140919784110e-01,2.172609437704691240e-02,5.074034780202039529e-04
2.731327988426065501e-01,1.633612634878534031e-02,6.028090903610826788e-05,6.028090903610826788e-05,1.633612634878534031e-02,6.028090903610826788e-05,7.293989993369099506e-03,6.028090903610826788e-05,6.866598348303091237e-01
3.222688309319715616e-01,6.079396923825157364e-05,1.100370843212353580e-02,1.884613046385798674e-03,6.426530488175572486e-01,6.079396923825157364e-05,1.890692443309623799e-02,3.100492431150829713e-03,6.079396923825157364e-05
2.054886774981058706e-01,2.449701153295731973e-02,5.295900328310463312e-01,1.314083677077194923e-01,1.767825574543311577e-03,8.847546089738192454e-02,6.818755787524201362e-03,1.186968600050509158e-02,8.418217021634817935e-05
3.161212008030254150e-01,6.051169522386666833e-01,1.311919323964704474e-02,2.381063541715299891e-03,4.668752042579019925e-05,4.668752042579019925e-05,4.393295672066856866e-02,5.135627246836921376e-04,1.872169569074186996e-02
